1
1
8
0
(16 0
((0,0,0) (31,31,15) (0,0,0))
((0,0,16) (31,31,31) (0,0,0))
((32,0,0) (63,31,15) (0,0,0))
((32,0,16) (63,31,31) (0,0,0))
((0,32,0) (31,63,15) (0,0,0))
((0,32,16) (31,63,31) (0,0,0))
((32,32,0) (63,63,15) (0,0,0))
((32,32,16) (63,63,31) (0,0,0))
((0,0,32) (31,31,47) (0,0,0))
((0,0,48) (31,31,63) (0,0,0))
((32,0,32) (63,31,47) (0,0,0))
((32,0,48) (63,31,63) (0,0,0))
((0,32,32) (31,63,47) (0,0,0))
((0,32,48) (31,63,63) (0,0,0))
((32,32,32) (63,63,47) (0,0,0))
((32,32,48) (63,63,63) (0,0,0))
)
16
FabOnDisk: Cell_D_00000 0
FabOnDisk: Cell_D_00001 0
FabOnDisk: Cell_D_00002 0
FabOnDisk: Cell_D_00003 0
FabOnDisk: Cell_D_00004 0
FabOnDisk: Cell_D_00005 0
FabOnDisk: Cell_D_00006 0
FabOnDisk: Cell_D_00007 0
FabOnDisk: Cell_D_00008 0
FabOnDisk: Cell_D_00009 0
FabOnDisk: Cell_D_00010 0
FabOnDisk: Cell_D_00011 0
FabOnDisk: Cell_D_00012 0
FabOnDisk: Cell_D_00013 0
FabOnDisk: Cell_D_00014 0
FabOnDisk: Cell_D_00015 0

16,8
-3.0408759718200688e+01,-2.9436079899702012e+01,-3.4711830278315524e+01,9.9948085403167164e-01,9.9888761256119296e-01,-1.0390236621746937e+06,-9.3052288391952869e+05,-1.4457610234303840e+06,
-2.7653475794957636e+01,-1.6087752807586426e+01,-2.9884029836501785e+01,9.9959233738813447e-01,9.9899902918782912e-01,-1.2734140367400311e+06,-1.1282405417916968e+06,-7.7977718905700999e+05,
-3.4239836241553689e+01,-4.0634522560984571e+01,-2.6936360634011933e+01,9.9981721204179763e-01,9.9922370851086184e-01,-8.8843861135721416e+05,-8.4105797533629241e+05,-1.5436295660290278e+06,
-3.2173994692078395e+01,-2.4440117806209621e+01,-2.6345154304573299e+01,9.9912594196748261e-01,9.9853276191280438e-01,-1.9749676133547977e+06,-1.1512341848321597e+06,-1.6302154401115011e+06,
-2.7594954131691896e+01,-4.6299739483835424e+01,-3.6836429465306360e+01,9.9974190671928642e-01,9.9914851672473270e-01,-1.0979135689691962e+06,-1.3323059119176862e+06,-1.2403629642832489e+06,
-3.2365529797948632e+01,-3.7692140705515698e+01,-2.1600092264671503e+01,9.9962238791020519e-01,9.9902905917667206e-01,-1.0619946689880237e+06,-1.0543396185487905e+06,-1.5058419168489950e+06,
-3.0187027121443538e+01,-4.4595438925629878e+01,-3.6594933417315723e+01,9.9931624949634845e-01,9.9872311266460578e-01,-1.2568373516537312e+06,-7.9704380865136895e+05,-1.4214061465654641e+06,
-2.7385567742520529e+01,-3.0664752064457065e+01,-2.0981403164896484e+01,1.0001146136396573e+00,9.9952098589050065e-01,-6.4952376468098629e+05,-9.5845775067372632e+05,-6.8682003316230769e+05,
-2.4284013269367701e+01,-2.0957615671393178e+01,-2.3364083249045734e+01,9.9916521957484083e-01,9.9857217283863875e-01,-1.7442138499299532e+06,-1.4312845729642417e+06,-7.7282286823547585e+05,
-2.3172580319587084e+01,-2.8866535105233229e+01,-3.0067979329873474e+01,9.9986415065950818e-01,9.9927067986363161e-01,-7.1954309669415641e+05,-8.6244882351052854e+05,-1.4207453487795058e+06,
-2.7059015740307853e+01,-2.6749938954369888e+01,-2.3178855989595792e+01,9.9966504572862747e-01,9.9907167593194846e-01,-1.6821306917495476e+06,-1.3542235791171172e+06,-1.1964202210115187e+06,
-3.0580067314625552e+01,-3.9911542281751359e+01,-1.8183987113873936e+01,1.0000210297058676e+00,9.9942747160277234e-01,-1.0038155888708150e+06,-1.1764175601030423e+06,-1.6300806293434561e+06,
-3.1344457169551021e+01,-1.7878462253645338e+01,-2.3747148020074828e+01,9.9945922848297009e-01,9.9886599566209955e-01,-7.3682878649008030e+05,-4.8412138191974268e+05,-6.1227691370518785e+05,
-2.7019365728879528e+01,-3.4335237221630379e+01,-3.1474984080410632e+01,9.9997637598487865e-01,9.9938284655570553e-01,-1.2211280874982113e+06,-1.3623993287479740e+06,-1.4303635626650061e+06,
-2.2754448044072767e+01,-1.7828812948248320e+01,-2.6158306593913434e+01,9.9993965820899899e-01,9.9934613678408168e-01,-7.1414775542141870e+05,-5.5937189144089969e+05,-6.4670172993975738e+05,
-2.8144219472021611e+01,-4.5540517139083690e+01,-3.2582090421507424e+01,9.9994501861792562e-01,9.9935150407419759e-01,-1.1829621189832108e+06,-8.8186210230264044e+05,-1.9036085935688708e+06,

16,8
3.2226318344713334e+01,2.6021252273858156e+01,2.4954427220866634e+01,1.0013387535169358e+00,1.0007444158076422e+00,1.3466525055991926e+06,8.7492237066438235e+05,1.9928663864020668e+06,
3.3329069575309646e+01,3.7255816709420579e+01,2.2308240070067125e+01,1.0019082093681571e+00,1.0013135299907316e+00,1.0900996845337229e+06,1.0781687967198899e+06,9.9079884732491733e+05,
3.0027512370121698e+01,2.2313309014643654e+01,2.6807818213755148e+01,1.0012837163540507e+00,1.0006894097104002e+00,1.2233017978744369e+06,1.0510377116711233e+06,8.7952518940540263e+05,
3.3789459184587749e+01,3.6330247046483223e+01,2.9238055835295327e+01,1.0011010669934783e+00,1.0005068638997476e+00,2.3547517818864430e+06,1.5024551087541974e+06,1.4864779546169220e+06,
2.8733114560769007e+01,3.2134999744124244e+01,2.9392480854384054e+01,1.0016847234167412e+00,1.0010901799994154e+00,1.4144116562488356e+06,1.2396152552130020e+06,9.3586636243763857e+05,
1.9849653160231473e+01,3.2992513742205183e+01,3.3626303234190246e+01,1.0015131312481207e+00,1.0009186841458730e+00,9.1993356762137881e+05,1.1351014721708093e+06,1.3590444525488855e+06,
3.4905184491698655e+01,2.2166571161490175e+01,2.8771461774682912e+01,1.0011651165487134e+00,1.0005708813435668e+00,1.1690145870752514e+06,8.6322845736352506e+05,8.1160649531316978e+05,
2.7228502105782098e+01,3.2297837765815515e+01,2.8111914652813432e+01,1.0009370626378100e+00,1.0003429664276997e+00,9.2753327117009391e+05,6.4348674584387196e+05,9.5671126632888929e+05,
2.2539390033448957e+01,2.7467001358108174e+01,3.5326497514314937e+01,1.0015493477994613e+00,1.0009548815150038e+00,1.7050722912791611e+06,1.5079098218684744e+06,9.9447519871138153e+05,
2.0746993827913016e+01,1.4771947807611006e+01,3.1170014172363647e+01,1.0013755447928392e+00,1.0007811796812236e+00,7.2770114914641483e+05,9.7861583896344726e+05,8.8170964243079186e+05,
3.1957799662890483e+01,3.6520159002653863e+01,4.0754351604018197e+01,1.0015185738773018e+00,1.0009241200179082e+00,1.7323768473761075e+06,1.4720744046607395e+06,1.7923914120179082e+06,
2.8525461833971299e+01,2.4715414721698409e+01,3.5782563426837541e+01,1.0013232746227561e+00,1.0007289401951929e+00,8.8882224973301508e+05,1.2012633142224739e+06,1.4871065979387641e+06,
2.3544342383790795e+01,2.6216577989298393e+01,2.0385767880917950e+01,1.0012605714459766e+00,1.0006662803754307e+00,5.6237459629683848e+05,8.0112614779125364e+05,1.1271904858412435e+06,
2.3053891357587101e+01,1.8783537638541148e+01,2.4333495789050314e+01,1.0013884836263733e+00,1.0007941181408482e+00,1.3322672380526238e+06,1.1467587805822541e+06,8.7958013365107263e+05,
2.7034718748521758e+01,2.8436523100467070e+01,2.1040030723359877e+01,1.0009430969980282e+00,1.0003489761917883e+00,3.9432949402494798e+05,4.9918880986559630e+05,4.9480474523516308e+05,
3.5119924220627603e+01,1.1989456729038549e+01,2.4047139638953983e+01,1.0010723045775594e+00,1.0004781550575792e+00,1.0321295176262477e+06,5.6059374249292503e+05,8.4355271347401442e+05,

