NavierStokes-V1.1
8
x_velocity
y_velocity
z_velocity
density
tracer
gradpx
gradpy
gradpz
3
0.000600372671655076
0
0 0 0 
0.0084 0.0084 0.0084 

((0,0,0) (63,63,63) (0,0,0)) 
300 
0.00013125 0.00013125 0.00013125 
0
0
0 16 0.000600372671655076
300
0 0.0042
0 0.0042
0 0.0021
0 0.0042
0 0.0042
0.0021 0.0042
0.0042 0.0084
0 0.0042
0 0.0021
0.0042 0.0084
0 0.0042
0.0021 0.0042
0 0.0042
0.0042 0.0084
0 0.0021
0 0.0042
0.0042 0.0084
0.0021 0.0042
0.0042 0.0084
0.0042 0.0084
0 0.0021
0.0042 0.0084
0.0042 0.0084
0.0021 0.0042
0 0.0042
0 0.0042
0.0042 0.0063
0 0.0042
0 0.0042
0.0063 0.0084
0.0042 0.0084
0 0.0042
0.0042 0.0063
0.0042 0.0084
0 0.0042
0.0063 0.0084
0 0.0042
0.0042 0.0084
0.0042 0.0063
0 0.0042
0.0042 0.0084
0.0063 0.0084
0.0042 0.0084
0.0042 0.0084
0.0042 0.0063
0.0042 0.0084
0.0042 0.0084
0.0063 0.0084
Level_0/Cell
